=== Soqucoin bench rerun (fixed harness) ===
074c8d6a8 SOQ-HOTFIX-002: Fix USDSOQ state load-order bug causing crash loop on restart
Wed Jul  8 16:20:17 UTC 2026
model name	: DO-Premium-Intel
8
g++ (Ubuntu 13.3.0-6ubuntu2~24.04.1) 13.3.0
=== results ===
#Benchmark,count,min,max,average,min_cycles,max_cycles,average_cycles
Base58CheckEncode,229376,0.000004154178896,0.000005366382538,0.000004586251245,8723,11269,9631
Base58Decode,720896,0.000001284788596,0.000001893669832,0.000001464109863,2698,3976,3074
Base58Encode,360448,0.000002570261131,0.000002953180228,0.000002834361856,5397,6201,5952
BlockAccumVerify25,416,0.002123557031155,0.003042779862881,0.002552391817937,4459468,6389782,5359953
BlockAccumulate1,10240,0.000085750594735,0.000122322235256,0.000101044937037,180061,256874,212191
BlockAccumulate10,1024,0.000888571143150,0.001198053359985,0.001031246036291,1866109,2515871,2165589
BlockAccumulate100,80,0.010692000389099,0.013150125741959,0.012760025262833,22453137,27615117,26795725
BlockAccumulate25,320,0.003175057470798,0.003269031643867,0.003226853162050,6667519,6864871,6776306
CCheckQueueSpeed,2048,0.000398531556129,0.000572741031647,0.000516148982570,836915,1202750,1083898
CCheckQueueSpeedPrevectorJob,384,0.002478435635567,0.003094464540482,0.002789358918866,5204688,6498302,5857580
CCoinsCaching,81920,0.000009575160220,0.000014943710994,0.000012853651424,20108,31381,26992
CoinSelection,512,0.002006173133850,0.002053372561932,0.002027923706919,4212965,4312022,4258585
DilithiumSign,1152,0.000865936279297,0.001330450177193,0.000934203258819,1818443,2793937,1961800
DilithiumVerify,4608,0.000226753763855,0.000248075928539,0.000243801882284,476170,520952,511977
FastRandom_1bit,384,0.002792343497276,0.002810060977936,0.002796189859509,5863868,5901082,5871926
FastRandom_32bit,80,0.011550128459930,0.015432626008987,0.013150623440742,24254920,32407952,27615957
LatticeFoldOpcode,1835008,0.000000424552127,0.000000700409146,0.000000567097751,891,1470,1190
LatticeFoldVerify512,1152,0.000802624970675,0.001137059181929,0.000883539103799,1685497,2387801,1855408
LockedPool,416,0.002195432782173,0.003128528594971,0.002569860563828,4610313,6569870,5396641
MempoolEviction,28672,0.000030144001357,0.000043658947106,0.000035006311789,63301,91682,73512
PATCreateProof128,576,0.001678749918938,0.002382237464190,0.001948611189922,3525290,5002631,4092029
PATCreateProof256,288,0.003436937928200,0.006310254335403,0.003999958435694,7217351,13251195,8399807
PATCreateProof64,1024,0.000865226611495,0.001384198665619,0.001056879991665,1816956,2906881,2219420
PATEffectiveTPS256,256,0.003470689058304,0.005772471427917,0.004114539362490,7288416,12122942,8640429
PATVerifyProof128,448,0.001681253314018,0.003187153488398,0.002232886318650,3530540,6692940,4689005
PATVerifyProof256,288,0.003472067415714,0.005299091339111,0.003961989449130,7291256,11127955,8320075
PATVerifyProof64,1024,0.000733938068151,0.001362111419439,0.001002067234367,1541254,2860407,2104315
RIPEMD160,320,0.002943940460682,0.004239559173584,0.003366675227880,6182198,8902663,7069928
RollingBloom-refresh,1,0.000115000000000,0.000115000000000,0.000115000000000
RollingBloom-refresh,1,0.000116000000000,0.000116000000000,0.000116000000000
RollingBloom-refresh,1,0.000129000000000,0.000129000000000,0.000129000000000
RollingBloom-refresh,1,0.000161000000000,0.000161000000000,0.000161000000000
RollingBloom-refresh,1,0.000155000000000,0.000155000000000,0.000155000000000
RollingBloom-refresh,1,0.000117000000000,0.000117000000000,0.000117000000000
RollingBloom-refresh,1,0.000114000000000,0.000114000000000,0.000114000000000
RollingBloom-refresh,1,0.000222000000000,0.000222000000000,0.000222000000000
RollingBloom-refresh,1,0.000178000000000,0.000178000000000,0.000178000000000
RollingBloom-refresh,1,0.000247000000000,0.000247000000000,0.000247000000000
RollingBloom-refresh,1,0.000127000000000,0.000127000000000,0.000127000000000
RollingBloom-refresh,1,0.000128000000000,0.000128000000000,0.000128000000000
RollingBloom-refresh,1,0.000140000000000,0.000140000000000,0.000140000000000
RollingBloom-refresh,1,0.000140000000000,0.000140000000000,0.000140000000000
RollingBloom-refresh,1,0.000287000000000,0.000287000000000,0.000287000000000
RollingBloom-refresh,1,0.000118000000000,0.000118000000000,0.000118000000000
RollingBloom-refresh,1,0.000142000000000,0.000142000000000,0.000142000000000
RollingBloom-refresh,1,0.000166000000000,0.000166000000000,0.000166000000000
RollingBloom-refresh,1,0.000113000000000,0.000113000000000,0.000113000000000
RollingBloom-refresh,1,0.000200000000000,0.000200000000000,0.000200000000000
RollingBloom-refresh,1,0.000113000000000,0.000113000000000,0.000113000000000
RollingBloom-refresh,1,0.000109000000000,0.000109000000000,0.000109000000000
RollingBloom-refresh,1,0.000118000000000,0.000118000000000,0.000118000000000
RollingBloom-refresh,1,0.000144000000000,0.000144000000000,0.000144000000000
RollingBloom-refresh,1,0.000143000000000,0.000143000000000,0.000143000000000
RollingBloom-refresh,1,0.000166000000000,0.000166000000000,0.000166000000000
RollingBloom,1572864,0.000000554946382,0.000000789092155,0.000000640190137,1165,1657,1344
SHA1,448,0.001967057585716,0.002938590943813,0.002255133752312,4130762,6170957,4735716
SHA256,160,0.005704119801521,0.007220447063446,0.006275130808353,11978559,15162654,13177610
SHA256_32b,4,0.466738939285278,0.484524488449097,0.475631713867188,980139167,1017488337,998813752
SHA512,256,0.003723502159119,0.006509311497211,0.004550656303763,7819246,13669388,9556252
Scrypt,2560,0.000369715504348,0.000466624274850,0.000408615637571,776393,979897,858081
SipHash_32b,28,0.035807013511658,0.039767503738403,0.036863676139287,75193356,83510465,77412782
Sleep100ms,10,0.100130558013916,0.100196480751038,0.100154995918274,210271949,210410082,210322917
SoqucoinBlockCheckBlock,2816,0.000358011573553,0.000441348180175,0.000376149927351,751811,926817,789904
SoqucoinBlockDeserialize,229376,0.000003181397915,0.000005456146027,0.000004480900576,6680,11457,9409
SoqucoinBlockMerkleRoot,11534336,0.000000057402531,0.000000112815769,0.000000091570407,120,236,192
Trig,62914560,0.000000012779026,0.000000022396307,0.000000016911857,26,47,35
