=== Soqucoin bench run: M4 reference machine, fixed harness ===
e9afc7159 doc: publish x86 benchmark provenance log (whitepaper Appendix A)
Wed Jul  8 16:21:42 UTC 2026
Mac16,10
Apple M4
17179869184
26.3.1
Apple clang version 21.0.0 (clang-2100.0.123.102)
=== results ===
#Benchmark,count,min,max,average,min_cycles,max_cycles,average_cycles
Base58CheckEncode,524288,0.000001907319529,0.000001941039955,0.000001921358034,0,0,0
Base58Decode,2883584,0.000000364861080,0.000000374839146,0.000000368501870,0,0,0
Base58Encode,786432,0.000001278021955,0.000001300690201,0.000001292219774,0,0,0
BlockAccumVerify25,1664,0.000632874667645,0.000642687082291,0.000635283640944,0,0,0
BlockAccumulate1,40960,0.000026153400540,0.000026380876079,0.000026265234919,0,0,0
BlockAccumulate10,4096,0.000253796577454,0.000256261788309,0.000254823942669,0,0,0
BlockAccumulate100,384,0.002532251179218,0.003016747534275,0.002620013430715,0,0,0
BlockAccumulate25,1664,0.000633820891380,0.000649243593216,0.000636831069222,0,0,0
CCheckQueueSpeed,11264,0.000082254875451,0.000121530145407,0.000091984804550,0,0,0
CCheckQueueSpeedPrevectorJob,1280,0.000722616910934,0.001388201490045,0.000874829664826,0,0,0
CCoinsCaching,360448,0.000002866909199,0.000002931614290,0.000002892167355,0,0,0
CoinSelection,2816,0.000358808785677,0.000362980179489,0.000361181456934,0,0,0
DilithiumSign,5632,0.000172152649611,0.000195583794266,0.000181162983856,0,0,0
DilithiumVerify,26624,0.000040378887206,0.000040727551095,0.000040566226324,0,0,0
FastRandom_1bit,1408,0.000733315944672,0.000742316246033,0.000737341628833,0,0,0
FastRandom_32bit,240,0.004289001226425,0.004388749599457,0.004317232966423,0,0,0
LatticeFoldOpcode,9437184,0.000000116230012,0.000000117797981,0.000000116912538,0,0,0
LatticeFoldVerify512,6144,0.000167538411915,0.000168714672327,0.000168190104887,0,0,0
LockedPool,1280,0.000791057944298,0.000809445977211,0.000798378139734,0,0,0
MempoolEviction,106496,0.000009577634046,0.000010176561773,0.000009645967601,0,0,0
PATCreateProof128,2816,0.000362843275070,0.000370937399566,0.000364495695315,0,0,0
PATCreateProof256,1408,0.000768996775150,0.000782586634159,0.000773005695506,0,0,0
PATCreateProof64,7168,0.000141105614603,0.000143811106682,0.000141718458118,0,0,0
PATEffectiveTPS256,1408,0.000772625207901,0.000786757096648,0.000777852298184,0,0,0
PATVerifyProof128,2816,0.000365475192666,0.000370484776795,0.000366599045017,0,0,0
PATVerifyProof256,1408,0.000773414969444,0.000787045806646,0.000775724480098,0,0,0
PATVerifyProof64,7168,0.000142500270158,0.000143820419908,0.000142958148250,0,0,0
RIPEMD160,704,0.001490671187639,0.001505888998508,0.001496203243732,0,0,0
RollingBloom-refresh,1,0.000392000000000,0.000392000000000,0.000392000000000
RollingBloom-refresh,1,0.000036000000000,0.000036000000000,0.000036000000000
RollingBloom-refresh,1,0.000036000000000,0.000036000000000,0.000036000000000
RollingBloom-refresh,1,0.000036000000000,0.000036000000000,0.000036000000000
RollingBloom-refresh,1,0.000037000000000,0.000037000000000,0.000037000000000
RollingBloom-refresh,1,0.000040000000000,0.000040000000000,0.000040000000000
RollingBloom-refresh,1,0.000037000000000,0.000037000000000,0.000037000000000
RollingBloom-refresh,1,0.000039000000000,0.000039000000000,0.000039000000000
RollingBloom-refresh,1,0.000037000000000,0.000037000000000,0.000037000000000
RollingBloom-refresh,1,0.000037000000000,0.000037000000000,0.000037000000000
RollingBloom-refresh,1,0.000036000000000,0.000036000000000,0.000036000000000
RollingBloom-refresh,1,0.000036000000000,0.000036000000000,0.000036000000000
RollingBloom-refresh,1,0.000036000000000,0.000036000000000,0.000036000000000
RollingBloom-refresh,1,0.000036000000000,0.000036000000000,0.000036000000000
RollingBloom-refresh,1,0.000037000000000,0.000037000000000,0.000037000000000
RollingBloom-refresh,1,0.000036000000000,0.000036000000000,0.000036000000000
RollingBloom-refresh,1,0.000036000000000,0.000036000000000,0.000036000000000
RollingBloom-refresh,1,0.000036000000000,0.000036000000000,0.000036000000000
RollingBloom-refresh,1,0.000036000000000,0.000036000000000,0.000036000000000
RollingBloom-refresh,1,0.000032000000000,0.000032000000000,0.000032000000000
RollingBloom-refresh,1,0.000036000000000,0.000036000000000,0.000036000000000
RollingBloom-refresh,1,0.000036000000000,0.000036000000000,0.000036000000000
RollingBloom-refresh,1,0.000036000000000,0.000036000000000,0.000036000000000
RollingBloom-refresh,1,0.000036000000000,0.000036000000000,0.000036000000000
RollingBloom-refresh,1,0.000036000000000,0.000036000000000,0.000036000000000
RollingBloom-refresh,1,0.000033000000000,0.000033000000000,0.000033000000000
RollingBloom-refresh,1,0.000037000000000,0.000037000000000,0.000037000000000
RollingBloom-refresh,1,0.000036000000000,0.000036000000000,0.000036000000000
RollingBloom-refresh,1,0.000037000000000,0.000037000000000,0.000037000000000
RollingBloom-refresh,1,0.000036000000000,0.000036000000000,0.000036000000000
RollingBloom-refresh,1,0.000037000000000,0.000037000000000,0.000037000000000
RollingBloom-refresh,1,0.000030000000000,0.000030000000000,0.000030000000000
RollingBloom-refresh,1,0.000037000000000,0.000037000000000,0.000037000000000
RollingBloom-refresh,1,0.000036000000000,0.000036000000000,0.000036000000000
RollingBloom-refresh,1,0.000037000000000,0.000037000000000,0.000037000000000
RollingBloom-refresh,1,0.000037000000000,0.000037000000000,0.000037000000000
RollingBloom-refresh,1,0.000036000000000,0.000036000000000,0.000036000000000
RollingBloom-refresh,1,0.000036000000000,0.000036000000000,0.000036000000000
RollingBloom-refresh,1,0.000037000000000,0.000037000000000,0.000037000000000
RollingBloom-refresh,1,0.000036000000000,0.000036000000000,0.000036000000000
RollingBloom-refresh,1,0.000033000000000,0.000033000000000,0.000033000000000
RollingBloom-refresh,1,0.000036000000000,0.000036000000000,0.000036000000000
RollingBloom-refresh,1,0.000036000000000,0.000036000000000,0.000036000000000
RollingBloom-refresh,1,0.000037000000000,0.000037000000000,0.000037000000000
RollingBloom-refresh,1,0.000036000000000,0.000036000000000,0.000036000000000
RollingBloom-refresh,1,0.000036000000000,0.000036000000000,0.000036000000000
RollingBloom-refresh,1,0.000037000000000,0.000037000000000,0.000037000000000
RollingBloom-refresh,1,0.000036000000000,0.000036000000000,0.000036000000000
RollingBloom-refresh,1,0.000037000000000,0.000037000000000,0.000037000000000
RollingBloom-refresh,1,0.000036000000000,0.000036000000000,0.000036000000000
RollingBloom-refresh,1,0.000036000000000,0.000036000000000,0.000036000000000
RollingBloom-refresh,1,0.000036000000000,0.000036000000000,0.000036000000000
RollingBloom-refresh,1,0.000036000000000,0.000036000000000,0.000036000000000
RollingBloom-refresh,1,0.000036000000000,0.000036000000000,0.000036000000000
RollingBloom-refresh,1,0.000036000000000,0.000036000000000,0.000036000000000
RollingBloom-refresh,1,0.000036000000000,0.000036000000000,0.000036000000000
RollingBloom-refresh,1,0.000036000000000,0.000036000000000,0.000036000000000
RollingBloom-refresh,1,0.000037000000000,0.000037000000000,0.000037000000000
RollingBloom-refresh,1,0.000030000000000,0.000030000000000,0.000030000000000
RollingBloom-refresh,1,0.000037000000000,0.000037000000000,0.000037000000000
RollingBloom-refresh,1,0.000036000000000,0.000036000000000,0.000036000000000
RollingBloom-refresh,1,0.000036000000000,0.000036000000000,0.000036000000000
RollingBloom-refresh,1,0.000037000000000,0.000037000000000,0.000037000000000
RollingBloom-refresh,1,0.000036000000000,0.000036000000000,0.000036000000000
RollingBloom-refresh,1,0.000036000000000,0.000036000000000,0.000036000000000
RollingBloom-refresh,1,0.000036000000000,0.000036000000000,0.000036000000000
RollingBloom-refresh,1,0.000039000000000,0.000039000000000,0.000039000000000
RollingBloom-refresh,1,0.000036000000000,0.000036000000000,0.000036000000000
RollingBloom-refresh,1,0.000037000000000,0.000037000000000,0.000037000000000
RollingBloom-refresh,1,0.000036000000000,0.000036000000000,0.000036000000000
RollingBloom-refresh,1,0.000036000000000,0.000036000000000,0.000036000000000
RollingBloom-refresh,1,0.000036000000000,0.000036000000000,0.000036000000000
RollingBloom-refresh,1,0.000036000000000,0.000036000000000,0.000036000000000
RollingBloom-refresh,1,0.000038000000000,0.000038000000000,0.000038000000000
RollingBloom-refresh,1,0.000037000000000,0.000037000000000,0.000037000000000
RollingBloom-refresh,1,0.000037000000000,0.000037000000000,0.000037000000000
RollingBloom-refresh,1,0.000036000000000,0.000036000000000,0.000036000000000
RollingBloom-refresh,1,0.000037000000000,0.000037000000000,0.000037000000000
RollingBloom-refresh,1,0.000036000000000,0.000036000000000,0.000036000000000
RollingBloom-refresh,1,0.000037000000000,0.000037000000000,0.000037000000000
RollingBloom-refresh,1,0.000037000000000,0.000037000000000,0.000037000000000
RollingBloom-refresh,1,0.000036000000000,0.000036000000000,0.000036000000000
RollingBloom-refresh,1,0.000032000000000,0.000032000000000,0.000032000000000
RollingBloom-refresh,1,0.000036000000000,0.000036000000000,0.000036000000000
RollingBloom-refresh,1,0.000036000000000,0.000036000000000,0.000036000000000
RollingBloom-refresh,1,0.000036000000000,0.000036000000000,0.000036000000000
RollingBloom-refresh,1,0.000037000000000,0.000037000000000,0.000037000000000
RollingBloom,5242880,0.000000178421033,0.000000200571321,0.000000198582438,0,0,0
SHA1,1152,0.000885955989361,0.001033186912537,0.000909887875120,0,0,0
SHA256,640,0.001722633838654,0.001734908670187,0.001730709150434,0,0,0
SHA256_32b,10,0.114012956619263,0.128452062606812,0.116958808898926,0,0,0
SHA512,960,0.001078873872757,0.001094732433558,0.001086926956971,0,0,0
Scrypt,7680,0.000137171708047,0.000139015261084,0.000137820436309,0,0,0
SipHash_32b,52,0.020407736301422,0.020660519599915,0.020498692989349,0,0,0
Sleep100ms,10,0.102162003517151,0.105023503303528,0.103690505027771,0,0,0
SoqucoinBlockCheckBlock,7168,0.000139677897096,0.000147406011820,0.000140787800774,0,0,0
SoqucoinBlockDeserialize,1048576,0.000000996398740,0.000001037078619,0.000001008425670,0,0,0
SoqucoinBlockMerkleRoot,33554432,0.000000030643150,0.000000031894615,0.000000031308204,0,0,0
Trig,268435456,0.000000003821583,0.000000003874234,0.000000003840047,0,0,0
